0.000000000000000000e+00,1.050000000000000044e+00
1.073882352941176510e+00,1.021996499999999974e+00
8.937227958477508283e-01,1.005371288639117733e+00
1.701473955086453937e+00,9.899066358472060623e-01
1.374311015106928657e+00,9.890002190188367237e-01
1.984969948852691513e+00,9.893258558296634808e-01
2.317629350841045710e+00,1.008490486610115200e+00
3.370720492967409498e+00,1.046671894488407029e+00
3.426635592601293467e+00,1.133544770021515102e+00
3.884788194489738444e+00,1.249969695424856253e+00
5.251763075137208858e+00,1.416999352206326002e+00
6.211339182881456367e+00,1.701945679631903241e+00
8.936003881095818002e+00,2.121159482224557635e+00
9.101277681557608190e+00,2.872278335863855947e+00
1.257981305506559977e+01,3.820547169356828920e+00
1.395751368550870630e+01,5.408762413632024035e+00
1.523809456529102668e+01,7.545513110797549494e+00
2.403131202350796514e+01,1.029013619505083454e+01
2.212459044693880017e+01,1.536405216823687780e+01
2.436070131801918848e+01,2.077065446022960060e+01
3.394227828115834456e+01,2.723791489039760449e+01
2.806681401140196641e+01,3.679422071580252407e+01
3.275687594445830797e+01,4.430327280516024047e+01
2.708985904536465483e+01,5.212321077235659317e+01
1.867273665112082526e+01,5.665614846973082308e+01
1.293527323072841462e+01,5.796675066687772215e+01
9.363161597173736084e+00,5.766371753136461820e+01
5.361219265663721423e+00,5.665358547843699455e+01
-1.338291798396265275e-01,5.529289446753456616e+01
6.030383871611010305e-01,5.381657547894332083e+01
9.572135606688623177e-01,5.238890170362073917e+01
1.251738164139675868e+00,5.100216490740989173e+01
8.202617252258903591e-01,4.965257628032448167e+01
6.770374611425137301e-01,4.833288238900205869e+01
1.840434775881404778e-02,4.704635201114354004e+01
1.314886148816970246e-01,4.579166795129002310e+01
2.299942830115223880e-01,4.457069767218375489e+01
1.777982683885341031e-01,4.338245161320764964e+01
1.451068260553905476e-01,4.222572166701140617e+01
1.273574977001314112e-01,4.109974824653431824e+01
1.162389825328256909e-01,4.000375378802834092e+01
5.752202021845535806e-02,3.893695701135730047e+01
7.528003881131303809e-02,3.789855096769446163e+01
7.084840509506314110e-02,3.688784707100489868e+01
4.519604957913236909e-02,3.590408992263289178e+01
4.885941951409557282e-02,3.494655135480044095e+01
4.735615360333644136e-02,3.401455024662679705e+01
4.380883147738791339e-02,3.310740305330102728e+01
4.217398776322197479e-02,3.222444647214372537e+01
3.999667729424918189e-02,3.136503656101788806e+01
3.565763120907505801e-02,3.052854541720263981e+01
3.263585291914687658e-02,2.971436132391063367e+01
3.323300285160619982e-02,2.892189007937557932e+01
3.083609517566223562e-02,2.815055394440275549e+01
3.118691366548956290e-02,2.739978838082539880e+01
3.112379816292059828e-02,2.666904573261507494e+01
3.093089943115462717e-02,2.595779193256310080e+01
3.121657924720876165e-02,2.526550724378303769e+01
3.155849454204641413e-02,2.459168597660022115e+01
3.221840476368204725e-02,2.393583580027656765e+01
3.303298739181877164e-02,2.329747760266555545e+01
3.339449836312267245e-02,2.267614500918903886e+01
3.503548567983513079e-02,2.207138388401667939e+01
3.574196604453655501e-02,2.148275281166193196e+01
3.948371057018359304e-02,2.090982139929809591e+01
4.062175970042953416e-02,2.035217226142755464e+01
4.446874278955063875e-02,1.980939705608825463e+01
4.480525812268697228e-02,1.928110048999068482e+01
5.041336401133387352e-02,1.876689517493586123e+01
5.180626091200622729e-02,1.826640814958792447e+01
5.614666154109982515e-02,1.777927197702233286e+01
6.288878439616225891e-02,1.730513266789699856e+01
6.842715219622573508e-02,1.684364595132790754e+01
7.176853256622563182e-02,1.639447486566549728e+01
8.254285476686293310e-02,1.595729052860575869e+01
8.440009390486918894e-02,1.553178057853182814e+01
9.587137396024643377e-02,1.511762823993296756e+01
1.100194807298821992e-01,1.471454142850523006e+01
1.195861714626638983e-01,1.432223218553204447e+01
1.406972445077807055e-01,1.394041301617902562e+01
1.467874684849104217e-01,1.356882547768461755e+01
1.812102535760484190e-01,1.320718389381421431e+01
1.824554031710805546e-01,1.285527877203041669e+01
2.091915694453986563e-01,1.251280681236329784e+01
2.601352838416547408e-01,1.217957748481356361e+01
2.647172545716978687e-01,1.185543225647359833e+01
2.844698288967569266e-01,1.154004601256656137e+01
3.149450312099098537e-01,1.123324367295704818e+01
3.897873194348440151e-01,1.093486446316911653e+01
4.603584434369376588e-01,1.064492173759210836e+01
5.174157749447049204e-01,1.036330403838311653e+01
6.318951949626342435e-01,1.008986770170833758e+01
6.711511429011532970e-01,9.824917839037283329e+00
7.204019516286274127e-01,9.568007330713664160e+00
1.057230475883796483e+00,9.319148153141860291e+00
9.971049791954408326e-01,9.081191902925629833e+00
1.099995706698611020e+00,8.850849389071905549e+00
1.527647119683937627e+00,8.629817478182634005e+00
1.565039488053674210e+00,8.423529226928618385e+00
1.863268212658830913e+00,8.227713472080820267e+00
2.437653664969253509e+00,8.047981052081553344e+00
2.502331971025101964e+00,7.893741725890122574e+00
2.971679854123224995e+00,7.756768905982675655e+00
3.919790465858142614e+00,7.651322893178932105e+00
3.985042604054137794e+00,7.603291460465372076e+00
5.198525373969949293e+00,7.589337870955913168e+00
5.526361997014769045e+00,7.673047036860701553e+00
7.110543228985377162e+00,7.828163226133638908e+00
7.847530426279773152e+00,8.157516662353401671e+00
8.426987314350901315e+00,8.640482113394952535e+00
9.483473971955783455e+00,9.285991197932123242e+00
1.210223681543041785e+01,1.016896000637261643e+01
1.527093809938766888e+01,1.154094536305954755e+01
1.562405851536617618e+01,1.361537866627956817e+01
1.687682817322878748e+01,1.605790284075060725e+01
2.194815131879701298e+01,1.900924163262921951e+01
2.177442846633972096e+01,2.329580814861876092e+01
2.568503083700259637e+01,2.781223026280446575e+01
2.498622030788494541e+01,3.333340430389215214e+01
2.370036090780601157e+01,3.848805893275755352e+01
2.136595878289768891e+01,4.282105461781065259e+01
1.979343122260307553e+01,4.593118902094179390e+01
1.804435187621666614e+01,4.797923479269003622e+01
1.243550141590565339e+01,4.901316467729022719e+01
7.043346466485416180e+00,4.883612805021260783e+01
5.981378442608908941e+00,4.798332112203389954e+01
5.375330964690089530e+00,4.699386279028510671e+01
4.426845314897919437e+00,4.593452517412906388e+01
1.406475420916650121e+00,4.482241555002519107e+01
2.106370043954618243e+00,4.365136675647899267e+01
7.576810956654723705e-01,4.251832580102058756e+01
1.565839852203609439e+00,4.139295385318734333e+01
6.746968905474559630e-01,4.030485974831771046e+01
9.283105459084368682e-01,3.923527799744788069e+01
4.418861922312970480e-01,3.819538830626577663e+01
7.611050704431328029e-01,3.717932670267931172e+01
2.852729203062589480e-01,3.619186065866321655e+01
5.736500206830263959e-01,3.522794825010218034e+01
2.786231865788029172e-01,3.429092162169293090e+01
4.587716589484508445e-01,3.337747065258318457e+01
4.105839926813943386e-01,3.248898650102602659e+01
2.979589307341286575e-01,3.162390395234641005e+01
3.315762504993182147e-01,3.078144441216087657e+01
3.172218244548273836e-01,2.996151407517682941e+01
2.907502897103498296e-01,2.916336859548241378e+01
2.828821224887513308e-01,2.838640560953379932e+01
2.706926822629758256e-01,2.763012434016616936e+01
2.749595815072043425e-01,2.689396883965588003e+01
2.713618655655258283e-01,2.617745350673306248e+01
2.725916007330574931e-01,2.548003874805272773e+01
2.759618340537172698e-01,2.480123345390789424e+01
2.772110509954268665e-01,2.414055252740250523e+01
2.925070392542036823e-01,2.349751219362975263e+01
2.923359243987825873e-01,2.287168821493104787e+01
2.977593742117475850e-01,2.226258442096666101e+01
3.066966112204292383e-01,2.166977746213105149e+01
3.299430901554892270e-01,2.109285151636644429e+01
3.611539753058699564e-01,2.053144173751926260e+01
3.654481476098571102e-01,1.998518213604839389e+01
4.120684925283449318e-01,1.945359217778145222e+01
4.126103321889693087e-01,1.893646495796421902e+01
4.292845277257621994e-01,1.843326004259645501e+01
4.547034775968797349e-01,1.794369107384912354e+01
5.484914615903226931e-01,1.746746513027943948e+01
5.538960491175836109e-01,1.700464386832452846e+01
6.652855280572526064e-01,1.655448529168823057e+01
6.577448675115997734e-01,1.611737207364787494e+01
7.743664373950278623e-01,1.569232424244952462e+01
7.886668425410978678e-01,1.528001262644283464e+01
8.956568870064617327e-01,1.487950038608159886e+01
1.076229178616387561e+00,1.449143914262621280e+01
1.100326185764217479e+00,1.411665590148103000e+01
1.296252510295569538e+00,1.375361020517517652e+01
1.438536180007955467e+00,1.340446285934037007e+01
1.642590673617688957e+00,1.306902642050001440e+01
1.826396360711296740e+00,1.274886225604861956e+01
1.896063070547673979e+00,1.244457703773557711e+01
2.238701832738485553e+00,1.215468040208842559e+01
2.506330538438002797e+00,1.188621213874276350e+01
3.008001575372755809e+00,1.163982944471502456e+01
3.406312447778307551e+00,1.142545437786988849e+01
3.539110052303420684e+00,1.124519172975732317e+01
4.574175803443055521e+00,1.109327670071234628e+01
4.659365742079623729e+00,1.101390714340859489e+01
6.376466752048602693e+00,1.097451396027611281e+01
6.182349123262774526e+00,1.107689069642625945e+01
6.739169242376517488e+00,1.122779678417654203e+01
7.520018329195547580e+00,1.148052013225602508e+01
1.121799293114210272e+01,1.186931945861525151e+01
9.443195335023665038e+00,1.271849888386023331e+01
1.514352040420327938e+01,1.352166523081104899e+01
1.236619903379307672e+01,1.519320563583630346e+01
1.904895810308514825e+01,1.670200528731454881e+01
1.789865432844934290e+01,1.947709981263768242e+01
1.843079545678057585e+01,2.233865030057713952e+01
1.939487685688061447e+01,2.547074684866973726e+01
2.208913048945724711e+01,2.887745204317817738e+01
2.129253648902872342e+01,3.282273253874043917e+01
2.072473757042822129e+01,3.640601733675867990e+01
1.853192679107473850e+01,3.951862225619473179e+01
1.770790962538335123e+01,4.175678353210232530e+01
1.286346126503246623e+01,4.337941523731254279e+01
1.286255350289682653e+01,4.387695511817936733e+01
1.059910408637939128e+01,4.409010220757200216e+01
6.316447534260193564e+00,4.382628244305412579e+01
6.850373788767771366e+00,4.308781548839659337e+01
5.071172519734984618e+00,4.233227529608109307e+01
4.624053101196613724e+00,4.143932719296200418e+01
3.029120775880266070e+00,4.051362074067967001e+01
3.441652959155203639e+00,3.953069638991694035e+01
2.763258174798774114e+00,3.857312079956865603e+01
2.357037711110720579e+00,3.761027897171701539e+01
2.047690010523358417e+00,3.665597930339063026e+01
1.926381723556003900e+00,3.571566844116151884e+01
1.443003039243877073e+00,3.479446031000610162e+01
1.472643391189716100e+00,3.388758015455101713e+01
1.339591607550524532e+00,3.300366060295981896e+01
1.290710284072759562e+00,3.214017851216763688e+01
1.160051566899585218e+00,3.129808888101459630e+01
1.129908285442861926e+00,3.047617480686752245e+01
1.049051101143237741e+00,2.967529139594545029e+01
9.959555758754347066e-01,2.889451067118463357e+01
9.796287878773143332e-01,2.813373763654050208e+01
9.580063013645230274e-01,2.739290895588034758e+01
9.591860756452560421e-01,2.667152309712196967e+01
9.497357894807517686e-01,2.596935175066908386e+01
9.674439696461405447e-01,2.528584742527444362e+01
9.678349820227847289e-01,2.462083570116635656e+01
9.854818400819491675e-01,2.397372410060416570e+01
9.971055240041596379e-01,2.334426996017851863e+01
1.082224018937910648e+00,2.273201563949576354e+01
1.072095032048011820e+00,2.213736279399725149e+01
1.122546390395937621e+00,2.155895687975280595e+01
1.174298145274918603e+00,2.099712157312238858e+01
1.296797700787858609e+00,2.045158787287136803e+01
1.301584651810423043e+00,1.992301867328142606e+01
1.346980742472594583e+00,1.940971342573673653e+01
1.417007052276939350e+00,1.891195663306749708e+01
1.763498018300335035e+00,1.842993984478987812e+01
1.685996176927984758e+00,1.796823988928824889e+01
1.854796104643928967e+00,1.752010292277988768e+01
2.078845464605848292e+00,1.708982429865352870e+01
2.271032711797839720e+00,1.667911487111209823e+01
2.436009417607144290e+00,1.628818471084393593e+01
2.802863547604852457e+00,1.591728112806339546e+01
2.938572287052799936e+00,1.557309869943165026e+01
3.193596712938900239e+00,1.525109471783407500e+01
3.532801208345393462e+00,1.495642615430440081e+01
3.720041696017396760e+00,1.469466458905635520e+01
4.659900543790703509e+00,1.446285012095575162e+01
4.711197178406597352e+00,1.429872447146427916e+01
5.385060132981467795e+00,1.416889411864977255e+01
5.678093535068500231e+00,1.411038717938794917e+01
7.693164453666469171e+00,1.410974349529533889e+01
7.312633063343068507e+00,1.429802361671528566e+01
9.506343686584932229e+00,1.452613203097357264e+01
9.097704838882444633e+00,1.501830979688798529e+01
1.054025234815708600e+01,1.556766339096897056e+01
1.263943362768290513e+01,1.636646127383919236e+01
1.275770285663685577e+01,1.753680064941909578e+01
1.554644048476581197e+01,1.886233475984507990e+01
1.491070657958759860e+01,2.073017726737688449e+01
1.663730884351669914e+01,2.264033146106071825e+01
1.706686592620883758e+01,2.493761403055096437e+01
1.881909088381490847e+01,2.737095729770812724e+01
1.812464111174522330e+01,3.012170677702227906e+01
1.861519532408502897e+01,3.265858312016251119e+01
1.820987913401061675e+01,3.511231474626231375e+01
1.521298934437551864e+01,3.723777420947126870e+01
1.536145107974041224e+01,3.858002482284546630e+01
1.199146212313917914e+01,3.966980573426030787e+01
1.201173259177094899e+01,4.005429064054109745e+01
8.785379366778041543e+00,4.024842071864554782e+01
8.877270116321623661e+00,3.996185931943188052e+01
7.710616480584620902e+00,3.958769412060900095e+01
7.141710967734692161e+00,3.904473005596016577e+01
5.583917440075949479e+00,3.840984848566282750e+01
4.394294430000077689e+00,3.765602090184958683e+01
4.010645996978742467e+00,3.683698367027618303e+01
3.729880447651371167e+00,3.600490833200438345e+01
3.129694642962338236e+00,3.516988013684647996e+01
3.073554123415903838e+00,3.432657702994145410e+01
2.910827440775554109e+00,3.349623978309730887e+01
2.326917755285659695e+00,3.267707273267463819e+01
2.384825030684461833e+00,3.186055716578358599e+01
2.053169967262909790e+00,3.106402739430323123e+01
2.154433990311310332e+00,3.027899557306721334e+01
1.891398733773728136e+00,2.951523209892775412e+01
1.967802077010096795e+00,2.876518042110988915e+01
1.939053691770339372e+00,2.803568192786263324e+01
1.812351694377995592e+00,2.732442568690161266e+01
1.915910463645274620e+00,2.662940330207644379e+01
1.882779220110617491e+00,2.595472205790248665e+01
1.871581261818497710e+00,2.529756554117343725e+01
1.882568895174195900e+00,2.465809912681432436e+01
1.932511167390616791e+00,2.403649195471360045e+01
1.959186157244590110e+00,2.343326473971708879e+01
2.077713786277814556e+00,2.284776487947519286e+01
2.080927913489186487e+00,2.228170830776036837e+01
2.176485798371438740e+00,2.173260944093788538e+01
2.371331222302357489e+00,2.120234616149566875e+01
2.376492021812230959e+00,2.069333962705919205e+01
2.452649686530307793e+00,2.020129612709123990e+01
2.912566427948601877e+00,1.972793450440273944e+01
2.738227362234608719e+00,1.928425672510675426e+01
3.230788520269249453e+00,1.885329750091209888e+01
3.242299363562486825e+00,1.845555261151660176e+01
3.535378307852038215e+00,1.807731680662895357e+01
4.081219357850647711e+00,1.772916870941105572e+01
4.115387989485958187e+00,1.742376099867062322e+01
4.703651259662835926e+00,1.714346263054477149e+01
5.063140446662041327e+00,1.691536272502962390e+01
5.208024608253669641e+00,1.673424590968923908e+01
6.567236059579478535e+00,1.659213772322726399e+01
6.460896139042454855e+00,1.656790505024414273e+01
7.098547789569573219e+00,1.658183442835624533e+01
7.768864098343994051e+00,1.668779977686361349e+01
8.875788489884618215e+00,1.689967466718102784e+01
9.479080266989553749e+00,1.726999849883978300e+01
1.054861927366586904e+01,1.777087554508995737e+01
1.164420749024756851e+01,1.846346914712803411e+01
1.205546381676689727e+01,1.937151701653562696e+01
1.412137204705055282e+01,2.042418074720405841e+01
1.370472608897870970e+01,2.184620521076253752e+01
1.556231370578811912e+01,2.329980379310558192e+01
1.554682594431178089e+01,2.509875781789051530e+01
1.679640670760546683e+01,2.693686416453847343e+01
1.659343716464944052e+01,2.897615855525635453e+01
1.624838467714163670e+01,3.093012753076615340e+01
1.594359509952220399e+01,3.272226297118535854e+01
1.517960776443574922e+01,3.431592459280822283e+01
1.418429929775076204e+01,3.561113083378241129e+01
1.301334452125587227e+01,3.657021561642102370e+01
1.177279491770971021e+01,3.718813916096784311e+01
1.012484091355924853e+01,3.749198725308831825e+01
9.957803986259296636e+00,3.748570264017587306e+01
8.019598293061218186e+00,3.735772137191334252e+01
7.540947505591476308e+00,3.698070054446962729e+01
6.153122036064130995e+00,3.651435666055775187e+01
6.150692793847120754e+00,3.591884949529689663e+01
5.519808694205631028e+00,3.530306992514751840e+01
5.251718339616392228e+00,3.463865997537605068e+01
3.781525815086197451e+00,3.395470319347565891e+01
4.411929149102730818e+00,3.320692981262735799e+01
4.140260489252543863e+00,3.249362975834022649e+01
3.600019038261898174e+00,3.177761368019927701e+01
3.202142153374175404e+00,3.105303700062301431e+01
3.293385172967145280e+00,3.032875000658800602e+01
2.909001717129170661e+00,2.962245196201293140e+01
3.013786341413758230e+00,2.891988255151302312e+01
2.923073312159516490e+00,2.823687255828442844e+01
2.868546457882127587e+00,2.756775453955757627e+01
2.834294413371303722e+00,2.691389317576309281e+01
2.812369766850264519e+00,2.627604612196495282e+01
2.818217295163044422e+00,2.565466448852775727e+01
2.845380367665415910e+00,2.505059092139896393e+01
2.903036147381587995e+00,2.446447199534688366e+01
2.974443162214797542e+00,2.389724589219596851e+01
2.993297819139975502e+00,2.334942393942034755e+01
3.225683362759776074e+00,2.281953183333535762e+01
3.191327445024930487e+00,2.231446926648981588e+01
3.273677263714227514e+00,2.182608256817561809e+01
3.508874190555690831e+00,2.135832043639307187e+01
3.589955432940680424e+00,2.091711461543319217e+01
4.019036870591275346e+00,2.049769567508791113e+01
4.075954411690849710e+00,2.011467886112851744e+01
4.213886065135509895e+00,1.975482489856632284e+01
4.640245453111159435e+00,1.942226230629516692e+01
5.078389349097704120e+00,1.913221081387364464e+01
5.372786145585481954e+00,1.888913648440396997e+01
5.833633452797977625e+00,1.868940275484273528e+01
5.972253046413652733e+00,1.854632959478094278e+01
7.264721703163254496e+00,1.844431650665954336e+01
6.955704623731321590e+00,1.846623190667471448e+01
7.751069260205391664e+00,1.850907278625582464e+01
8.607152268083689606e+00,1.865742014115383540e+01
9.312041783358155911e+00,1.892890584643093277e+01
1.003816639477582839e+01,1.932269566083223467e+01
1.023155224757490345e+01,1.985116088247588806e+01
1.123438138296631550e+01,2.046412287146910103e+01
1.228641814895055262e+01,2.125383026216892191e+01
1.246296573094150340e+01,2.223694936402961631e+01
1.338109787810111229e+01,2.330369910484461826e+01
1.366132794391403493e+01,2.454256331986256612e+01
1.444639762094264057e+01,2.585420412150856251e+01
1.459373195277821011e+01,2.729129682880765984e+01
1.521624782050309932e+01,2.873550706445684000e+01
1.481023247337115123e+01,3.022694320840888693e+01
1.468546631575484973e+01,3.157980674483950523e+01
1.405918601672621548e+01,3.280855794737106379e+01
1.338946314809224170e+01,3.382248121330054857e+01
1.174787710131695562e+01,3.461087412166130406e+01
1.173252736548111308e+01,3.506456986367238926e+01
1.124548526110293345e+01,3.539949777985044932e+01
1.051678468167569669e+01,3.556738637229050681e+01
8.004825624952314200e+00,3.556083037112694001e+01
8.112935041133761516e+00,3.525856774676388738e+01
7.722607947194160438e+00,3.491744226015029540e+01
6.112813069532275101e+00,3.450540404626884339e+01
6.132130181442259520e+00,3.395935954629841547e+01
5.376324826172043991e+00,3.340092141323359698e+01
5.158116378099024679e+00,3.279188454586890344e+01
4.878869223165891000e+00,3.216997371525209104e+01
4.581468474767262045e+00,3.153652263527591515e+01
4.458505779757333087e+00,3.089485027753303470e+01
3.956585255557246494e+00,3.025577498906754670e+01
3.999093446037072841e+00,2.960618221951791185e+01
3.754680302833652394e+00,2.897044492741348876e+01
3.733148972955617317e+00,2.833840299646140082e+01
3.632670114200237776e+00,2.771965316271498381e+01
3.626635288300595228e+00,2.711192464891379927e+01
3.593092922013921164e+00,2.651924168592486097e+01
3.590774849047432937e+00,2.594102497083243719e+01
3.610284602128561726e+00,2.537876682889388036e+01
3.629883747978630559e+00,2.483357447384432604e+01
3.710498429160264511e+00,2.430574850024597922e+01
3.788185022370425870e+00,2.379787641539856935e+01
3.889024678329352724e+00,2.331024768895823485e+01
3.949927579648178977e+00,2.284421966405439264e+01
4.263851101267958299e+00,2.239868137614696053e+01
4.287026460905571490e+00,2.198495316181788795e+01
4.750402871552488193e+00,2.159164960300512703e+01
4.694363466877133462e+00,2.123981095114807971e+01
5.292551249954327908e+00,2.090679025075182906e+01
5.264602229088590768e+00,2.062656224767401625e+01
5.906576610229098634e+00,2.036934827899524691e+01
5.883974021544423394e+00,2.017435263819224645e+01
6.534470594999510773e+00,2.000627532474777226e+01
6.858596285675533366e+00,1.990956238931553202e+01
7.313301317952946690e+00,1.986833831129643357e+01
7.647340739916047347e+00,1.989604208029305354e+01
8.179414708721488125e+00,1.998812294160185132e+01
8.448799640993597038e+00,2.016510431132406467e+01
9.738797732297063803e+00,2.040878377505161723e+01
9.911245315046890880e+00,2.082074276635166399e+01
1.020599722581004443e+01,2.130218881529344799e+01
1.205553694258259867e+01,2.186357180494582053e+01
1.183244519248805560e+01,2.268374093962524540e+01
1.275809789833427743e+01,2.352982913323199909e+01
1.278331408197406205e+01,2.453147709548323974e+01
1.301373426398218314e+01,2.556621144880893226e+01
1.356139533728478241e+01,2.664430113553833834e+01
1.379304933546019996e+01,2.779231482528532737e+01
1.374897347978230933e+01,2.894791474284905775e+01
1.352165072976753279e+01,3.005166444720611807e+01
1.336563853197933760e+01,3.105889286691004969e+01
1.272058571306843433e+01,3.196343254975111492e+01
1.224718283069212177e+01,3.269171644459979120e+01
1.128299830585363317e+01,3.326478261690846239e+01
1.118778478186781378e+01,3.363066370513838876e+01
9.919753624626251209e+00,3.389732957934725732e+01
9.647937227619276968e+00,3.395219447336165075e+01
8.224041892465615788e+00,3.391355381458397744e+01
8.276026105296107716e+00,3.369339012972220360e+01
7.430810152395368462e+00,3.343628832138393392e+01
7.308283335493436894e+00,3.307975523555176522e+01
6.995969500856077161e+00,3.268911931438746166e+01
6.235822854103076907e+00,3.225721548836359887e+01
5.872170846050032367e+00,3.176465386365728349e+01
5.711397066931064970e+00,3.124473168370732878e+01
5.488327059555853538e+00,3.071390748962879158e+01
5.025854352461970542e+00,3.017234916609728046e+01
4.665659085354262103e+00,2.961181602185722284e+01
4.740245898300448069e+00,2.904137290914443525e+01
4.392168680421741911e+00,2.848385653184698185e+01
4.538539215124699489e+00,2.792109456267823830e+01
4.277401548430601608e+00,2.737690413404282452e+01
4.489951855511251644e+00,2.683395680702710351e+01
4.279420203734929373e+00,2.631402357171813478e+01
4.422132314141379084e+00,2.579915432006642106e+01
4.380820313767421759e+00,2.530550929381974612e+01
4.492007313133577817e+00,2.482555108581344783e+01
4.559404782729858496e+00,2.436664454008552383e+01
4.625282543765795396e+00,2.392746483581806061e+01
4.686987575077824708e+00,2.350856708802042050e+01
4.895512700246978710e+00,2.311037326261898528e+01
5.132875370983169816e+00,2.274089382942378634e+01
5.292243499309194021e+00,2.240293653848404887e+01
5.461050216923602818e+00,2.209384766638286379e+01
5.708152778988714537e+00,2.181540143392506437e+01
5.841650283096135432e+00,2.157360670760282062e+01
6.280424633226392217e+00,2.136335561962995300e+01
6.735832927017653127e+00,2.120578813191196232e+01
6.831670168646300390e+00,2.110596682858971107e+01
7.590615680179591429e+00,2.104197553490842409e+01
7.649763823679205821e+00,2.106532215038426514e+01
8.728282352937318578e+00,2.112711282154137038e+01
8.523075241336426799e+00,2.131436265891237269e+01
9.476184289669271621e+00,2.152276695264531625e+01
9.728022024198850204e+00,2.185784681471017521e+01
1.055121329253074869e+01,2.225852754737160666e+01
1.064219886793685177e+01,2.278413337259946303e+01
1.089199267961023487e+01,2.335855375161546021e+01
1.160014429472862041e+01,2.399376137518704510e+01
1.196667259628175195e+01,2.473907385211209942e+01
1.265416781327878049e+01,2.554960036407069524e+01
1.254673602848217229e+01,2.645681285332777222e+01
1.295895144168252067e+01,2.734949615868259798e+01
1.262807799820055976e+01,2.827946543521390765e+01
1.277097754977770272e+01,2.913673958270969067e+01
1.258548159440556446e+01,2.996858159808298439e+01
1.203051379684953304e+01,3.072074296772806790e+01
1.199053758007879900e+01,3.133979644542057486e+01
1.121515877623762414e+01,3.188397687383217161e+01
1.109621122379630620e+01,3.226658434751402638e+01
1.074821373231010568e+01,3.256537781088200489e+01
1.027676663347786601e+01,3.275772830104303779e+01
8.137646457431928937e+00,3.283784497449082096e+01
8.740520275753016932e+00,3.266995701189334511e+01
8.460154053228016835e+00,3.251697719007282927e+01
7.673910636150975684e+00,3.230355042091812123e+01
7.456272124482925534e+00,3.199979909305962877e+01
6.187741776339958477e+00,3.165828554723391264e+01
6.688723726822083826e+00,3.121608503971531334e+01
6.171837410027526616e+00,3.079874780981353410e+01
6.042097594053062792e+00,3.034334811233594920e+01
5.672763613640883662e+00,2.987838022409443894e+01
5.486811008438278847e+00,2.939350338179648148e+01
5.327061660086232386e+00,2.890246748801467902e+01
5.263246858034241527e+00,2.840908339178906061e+01
5.179918364527281938e+00,2.792026272175525392e+01
5.024770032070859038e+00,2.743646121011699890e+01
4.948416956239706010e+00,2.695542762170037321e+01
4.989712855254253121e+00,2.648234612194009685e+01
4.946639088972181852e+00,2.602403359971619423e+01
4.999311514204315188e+00,2.557709126356314400e+01
5.046737620605769692e+00,2.514708925284362095e+01
5.119150715990426370e+00,2.473451506054581372e+01
5.166323823894427569e+00,2.434140002770089950e+01
5.249967011711660803e+00,2.396717186158923596e+01
5.696547676993285236e+00,2.361450508169075135e+01
5.652781947852518307e+00,2.330456956623742215e+01
5.987678172271973409e+00,2.301139039190703173e+01
6.002909540493793550e+00,2.275789802907078752e+01
6.138045280120472569e+00,2.252640206025166947e+01
6.731914074873632359e+00,2.232500829452626334e+01
6.830088308424126176e+00,2.218586414949253438e+01
7.392362474952550500e+00,2.207854904867161494e+01
7.447587222697409359e+00,2.203808514832476462e+01
7.806309333287159369e+00,2.202987306204617113e+01
7.989686925020759389e+00,2.207838131870675369e+01
8.572497212628276131e+00,2.217126295797688229e+01
9.132577093172658422e+00,2.234463884813287038e+01
9.451656010318187029e+00,2.260083717882367438e+01
9.938413096323372997e+00,2.291997178675981672e+01
1.006093979070671374e+01,2.331909553913261135e+01
1.088064811754882300e+01,2.376059799462224831e+01
1.090986406099947459e+01,2.431670823870616616e+01
1.131484623650339927e+01,2.489957621334042059e+01
1.159524743961049431e+01,2.554530614131927280e+01
1.205864317668135577e+01,2.623352804164155216e+01
1.197152904638441662e+01,2.697820654091239234e+01
1.218465327806456067e+01,2.770375228365733022e+01
1.212436723476445977e+01,2.843587042511600416e+01
1.197765581616587660e+01,2.913092452845872060e+01
1.171568696885232796e+01,2.976916585227816370e+01
1.163285303345394084e+01,3.032972161584580562e+01
1.078594601526073937e+01,3.082818994745166208e+01
1.093454640524990040e+01,3.117683105878479211e+01
9.875676108561513900e+00,3.148707957640166910e+01
1.005942675752145021e+01,3.163387437963049109e+01
9.507506714770851630e+00,3.175041936091858830e+01
8.826080030715488078e+00,3.176734290984328979e+01
8.420110706656839028e+00,3.168242175274559713e+01
8.203262242881079302e+00,3.152943152519905112e+01
7.595455389551469594e+00,3.133052359551134458e+01
7.374276748644786217e+00,3.106141880399238886e+01
7.243435420749948506e+00,3.075884077095776803e+01
6.363064055149784792e+00,3.043348512463929367e+01
6.797556763862540485e+00,3.003958239394360774e+01
6.311420307949167530e+00,2.966972260999248334e+01
6.220868085961497762e+00,2.926612750242075833e+01
5.826372035792846127e+00,2.885735676611738754e+01
5.850145532850445029e+00,2.842784209028353359e+01
5.655184736981992089e+00,2.800483303558752368e+01
5.650679005803397992e+00,2.757728072892248505e+01
5.618125873877822585e+00,2.715767054706966377e+01
5.489071251139749030e+00,2.674563304432875199e+01
5.619460959931417143e+00,2.633695843042606910e+01
5.528731443560083392e+00,2.594717000665155737e+01
5.606294960772142844e+00,2.556482094433051344e+01
5.662297447892499669e+00,2.520023625950629054e+01
5.825712152331422367e+00,2.485307029479627161e+01
5.855390729953824369e+00,2.453043314850549095e+01
5.913957878564297665e+00,2.422544930147935816e+01
6.018135433385279676e+00,2.394057983266531764e+01
6.153438394628405028e+00,2.367942911415181584e+01
6.794085739594014406e+00,2.344490160282634506e+01
6.566934994015224625e+00,2.327164138780577574e+01
7.097028091452507681e+00,2.310384366796823130e+01
7.162326062923344949e+00,2.299421915772526148e+01
7.567198469094976510e+00,2.291195462604375876e+01
7.707733380814246971e+00,2.288342062858702874e+01
8.348568683265913393e+00,2.289020914534495077e+01
8.288107109310951515e+00,2.297436305830219894e+01
8.489836374014902987e+00,2.307970248023175941e+01
9.572017031847520840e+00,2.322771723479980466e+01
9.168459416405525531e+00,2.350048846150479065e+01
9.723246042798203703e+00,2.376170279868722446e+01
1.002126577900752658e+01,2.410037690283503409e+01
1.033439794627605401e+01,2.449109842699222028e+01
1.076306994094094982e+01,2.493342051759143274e+01
1.086408624684462154e+01,2.543700737625326624e+01
1.097927993132411828e+01,2.596219356093844155e+01
1.140937415147880252e+01,2.650454270985067140e+01
1.129808153749955579e+01,2.709349264524706768e+01
1.148577709316261597e+01,2.766054035347905682e+01
1.130772276598986714e+01,2.823254253961404814e+01
1.131852226332518363e+01,2.876050089377211805e+01
1.124858024033432713e+01,2.925980427631465375e+01
1.083253966586925721e+01,2.971569824182888908e+01
1.078214734766057603e+01,3.008645330893122249e+01
1.042057224630407042e+01,3.041029123245545307e+01
9.766485882590382417e+00,3.065339691800131305e+01
9.763497364845754589e+00,3.078944149465197455e+01
9.380577703411162815e+00,3.088673170160891246e+01
9.015380742908561729e+00,3.091103426077851779e+01
8.654479086052004888e+00,3.086910971725675168e+01
8.480293150898919663e+00,3.076675515603132993e+01
7.704157387457296835e+00,3.062449930508301321e+01
7.693255706259537696e+00,3.039972012044752248e+01
7.383509673308074284e+00,3.015863132073096864e+01
7.256064271500360263e+00,2.988193768226405211e+01
6.890135211335428167e+00,2.958676580587736638e+01
6.696265024679888711e+00,2.925998749153671952e+01
6.521127475946648211e+00,2.891710245930146783e+01
6.447215091027528544e+00,2.856215774495404602e+01
6.145375282337882439e+00,2.820398988263838547e+01
6.153759977180279783e+00,2.783040548744266118e+01
6.117830622395540985e+00,2.746273841051063158e+01
5.942964908534015933e+00,2.709960470529354382e+01
6.013790455917352951e+00,2.673396611856749772e+01
5.989194794285983114e+00,2.638193931449309204e+01
6.004904163155330821e+00,2.603878980355594663e+01
6.112876737866937304e+00,2.570794280912443597e+01
6.112357541890371948e+00,2.539595504025763972e+01
6.197218322643668564e+00,2.509708419929222245e+01
6.246303539481624867e+00,2.481746538552710390e+01
6.588538768764606424e+00,2.455569982532001916e+01
6.485110800882507576e+00,2.433171495886072933e+01
6.834332663248554596e+00,2.411741427375443081e+01
6.854977247937195983e+00,2.394391156322428316e+01
7.085244397997109367e+00,2.378993335280452470e+01
7.393729505975796812e+00,2.367103150060995276e+01
7.626866318299542868e+00,2.359442323906633376e+01
7.691546901897715394e+00,2.355603828507365449e+01
8.366621137641411465e+00,2.354357335177655841e+01
8.260297493102696009e+00,2.360738606425800512e+01
8.420032768706192883e+00,2.368467588291114367e+01
9.088558388969390833e+00,2.379692000104914129e+01
9.111643169864153791e+00,2.399022880830305482e+01
9.733014294723936644e+00,2.420699076929584592e+01
9.700414444801250369e+00,2.450279669518840464e+01
1.022519276842824354e+01,2.481398921020954518e+01
1.013789547205874975e+01,2.519358969324056829e+01
1.042846861913398016e+01,2.557687721418813709e+01
1.068690099659580106e+01,2.599900238373613703e+01
1.079172936909960967e+01,2.645292359548173522e+01
1.081882733916148531e+01,2.691748464510896355e+01
1.090678223365785371e+01,2.737892659506728776e+01
1.091120001836203635e+01,2.783853395371611583e+01
1.088773024953874824e+01,2.828185381182484548e+01
1.070844981565964105e+01,2.870088571233150887e+01
1.059493708745734253e+01,2.907459595369299521e+01
1.052062988830324564e+01,2.940704108285412843e+01
1.036894353851961981e+01,2.969987095861988280e+01
9.550161088775862339e+00,2.994339625517505610e+01
9.810182176414899757e+00,3.007227763111401586e+01
8.991211206132808442e+00,3.019523921331170513e+01
9.292059129404654172e+00,3.021094540300038744e+01
8.568051169508603238e+00,3.022687861250570407e+01
8.547298585597802756e+00,3.015318700781837435e+01
8.399715149002647152e+00,3.005607157079287362e+01
7.553410212336499896e+00,2.992693006075333528e+01
7.767654202141486941e+00,2.971438826149745083e+01
7.256877284459152477e+00,2.950679717157385085e+01
7.395392839549152164e+00,2.925115374018271197e+01
7.257622975765595008e+00,2.899896851735013215e+01
7.105814263633800643e+00,2.873177755225072971e+01
6.959137850752908250e+00,2.845101603023092096e+01
6.694083135266079232e+00,2.815934694498345792e+01
6.521672535214221078e+00,2.785107101470872237e+01
6.554600474898818696e+00,2.753460493190183911e+01
6.397267997467652734e+00,2.722508338147852669e+01
6.477438272066136982e+00,2.691142468991051118e+01
6.404472129801067837e+00,2.661033494700486557e+01
6.477193536017320952e+00,2.631297844398828545e+01
6.469544865127011768e+00,2.602982900047383907e+01
6.489973297055291468e+00,2.575662496782521416e+01
6.618843523833768394e+00,2.549608546757183802e+01
6.668822788462455797e+00,2.525624940264586726e+01
6.841243973801732992e+00,2.503275089345997628e+01
6.891379293800256711e+00,2.483475057134686992e+01
7.064637190560229207e+00,2.465473112925705479e+01
7.108902970958283163e+00,2.450210456930727787e+01
7.217920930881475350e+00,2.436843203041571826e+01
7.652134283037103302e+00,2.425896639078648320e+01
7.700663878353857683e+00,2.419926037808956920e+01
8.094966459108743351e+00,2.416100579560380979e+01
8.096644136791006474e+00,2.417216951875326814e+01
8.220801697471571856e+00,2.420177618908747874e+01
8.758366874452013562e+00,2.425956514166678346e+01
8.782910197441626821e+00,2.438165414610547188e+01
9.038601830349239918e+00,2.452370267458308817e+01
9.376866004874811367e+00,2.470559932666008507e+01
9.427044818541157056e+00,2.493472012465393206e+01
9.841803889459210808e+00,2.518267588150493097e+01
9.897930759897686670e+00,2.548309419127123121e+01
1.023561469135655599e+01,2.579871249901893293e+01
1.016712645787754887e+01,2.615507497006182902e+01
1.051050706134293300e+01,2.650747873630475482e+01
1.040398151962335049e+01,2.689480579340953170e+01
1.046850824441879979e+01,2.726620111235749278e+01
1.047484857370414524e+01,2.763552625051779188e+01
1.042916153208253682e+01,2.799274035905596492e+01
1.032400207047036389e+01,2.832874172080300923e+01
1.022338424803734291e+01,2.863422780978354254e+01
1.013431567592738425e+01,2.890724946075043178e+01
1.004834273485953489e+01,2.914710998616850546e+01
9.905608357388848262e+00,2.935273710066803687e+01
9.544585207245358305e+00,2.951780920099248462e+01
9.324597257372928993e+00,2.962200793463036064e+01
8.965172755923990877e+00,2.968066406549358760e+01
8.737581071551430156e+00,2.968332387648467829e+01
8.484914637105498869e+00,2.964484383005203938e+01
8.273883160851973173e+00,2.956581664342545324e+01
8.214467918301478377e+00,2.945271227115951262e+01
7.791746088743986220e+00,2.932042637456035195e+01
7.771043203036999358e+00,2.914255940422983571e+01
7.451664645003372556e+00,2.895381079436591065e+01
7.381741512323024779e+00,2.873365107834961663e+01
7.318037454923873142e+00,2.850346779705702716e+01
7.025309446428091853e+00,2.826551827916906134e+01
7.031312973536923749e+00,2.800542300940806228e+01
6.932362435456820293e+00,2.774643314968090735e+01
6.864745129460146700e+00,2.748264728533527901e+01
6.814848501218268240e+00,2.721774271941461976e+01
6.752058567348651508e+00,2.695427480003671761e+01
6.792884207462751789e+00,2.669259070057376704e+01
6.772566460940944388e+00,2.644084685826339509e+01
6.820824593561980009e+00,2.619586776542499251e+01
6.839921226981402924e+00,2.596326907580831289e+01
6.941915271244126551e+00,2.574192208691462369e+01
6.959023411739884146e+00,2.553839282551423651e+01
7.143727661795185035e+00,2.534754860356427741e+01
7.148340449014713549e+00,2.518201135830150150e+01
7.272438377997187509e+00,2.502965545495858635e+01
7.466160149249687628e+00,2.489974416460713869e+01
7.576711390274275537e+00,2.479822750675893772e+01
7.821988659785917619e+00,2.471957702808408897e+01
7.840568890972395621e+00,2.467484768379789983e+01
8.257346938851235052e+00,2.464672948256403728e+01
8.211855785864525359e+00,2.466774106471549288e+01
8.636836317253091977e+00,2.470044705309073407e+01
8.556152491589527287e+00,2.478439099590406158e+01
8.946135600625023443e+00,2.487618333296342854e+01
8.967220451258238967e+00,2.501658195458811207e+01
9.078791694109854760e+00,2.517213316682828150e+01
9.662981031955338196e+00,2.534973116239570246e+01
9.423028985303767868e+00,2.559299165361199258e+01
9.964146473302472273e+00,2.582210212130745930e+01
9.707848927068162936e+00,2.611041488991220660e+01
1.005602275646594457e+01,2.637745660606076470e+01
1.000465978015065893e+01,2.668039605594859509e+01
1.011196500624535766e+01,2.697642668387259235e+01
1.010189096349041016e+01,2.727853514813373437e+01
1.010699827619228408e+01,2.757181891890418157e+01
1.005850328408207162e+01,2.785494986591479005e+01
9.995514618882372915e+00,2.811986002010091568e+01
9.962375224799215445e+00,2.836283736125244559e+01
9.812141184772285030e+00,2.858495252200831160e+01
9.545741053356955774e+00,2.877320239763738741e+01
9.532947589634090946e+00,2.891589560118205782e+01
9.352249706925794825e+00,2.903743885384421120e+01
9.261760741582483192e+00,2.912189506050960830e+01
8.975142709879715852e+00,2.917829670093019345e+01
8.881641526549410415e+00,2.919001437407144905e+01
8.439632481420954235e+00,2.917598107977904576e+01
8.400722058784246826e+00,2.910809298400972978e+01
8.310167769236050717e+00,2.902333376886448590e+01
8.174051734342837605e+00,2.891880384158501371e+01
7.870149403943020872e+00,2.879255847956038750e+01
7.584269441344686058e+00,2.863357783513854571e+01
7.598260173299010489e+00,2.844611983609394912e+01
7.464038003211375560e+00,2.825530050005154692e+01
7.410668370617689682e+00,2.805143133762613061e+01
7.261690609528496765e+00,2.784219903433336896e+01
7.226101481411133953e+00,2.762215595243853983e+01
7.079215010560121257e+00,2.740104920051321002e+01
7.104244056340769831e+00,2.717224104861420741e+01
7.081755250347136155e+00,2.694928473237119348e+01
7.031478273954936853e+00,2.672984952746131526e+01
7.080809544327742344e+00,2.651299634384620418e+01
7.076730548055436110e+00,2.630673545951824721e+01
7.110066043300264482e+00,2.610813273859361061e+01
7.184899402627854315e+00,2.592066232369206702e+01
7.222024600815340811e+00,2.574806994611081734e+01
7.382354008761162767e+00,2.558833651408983556e+01
7.384495449799016953e+00,2.545118151109092963e+01
7.441422434142247688e+00,2.532553533887285369e+01
7.790232594639000752e+00,2.521593631623486687e+01
7.654012551430710687e+00,2.514536364856552453e+01
7.996172240544743737e+00,2.507683399107216005e+01
8.012414457689013503e+00,2.504822880165474430e+01
8.250042812332589293e+00,2.503400029120573222e+01
8.284836728753861124e+00,2.505232161493050924e+01
8.387690032749778979e+00,2.508643134122798912e+01
8.520930517921122771e+00,2.514172348174467331e+01
8.814024709018202230e+00,2.522051241984145520e+01
9.104936175849257296e+00,2.533669013189427233e+01
9.104994174752954805e+00,2.548996169246471766e+01
9.348892247008704359e+00,2.565293966052199792e+01
9.418944940026630519e+00,2.584685933810709813e+01
9.472067958311145119e+00,2.605400760090303791e+01
9.554454969758513272e+00,2.627088165411394627e+01
9.639893769403693469e+00,2.649831651489336082e+01
9.716007657140687925e+00,2.673454692623317541e+01
9.836910629281813812e+00,2.697648336830215854e+01
9.872021324356555994e+00,2.722627675822829119e+01
9.854180585410491133e+00,2.747307993800265180e+01
9.820442649460806805e+00,2.770935773469997443e+01
9.784343775655406361e+00,2.793145893130516555e+01
9.640782158357456666e+00,2.813732066854038649e+01
9.611251590775145459e+00,2.831501957874857922e+01
9.560925174250963110e+00,2.847461114518959491e+01
9.198266228075485884e+00,2.861316215056393730e+01
9.286067203881685828e+00,2.870114382059636426e+01
8.992539546100866588e+00,2.878107348872058679e+01
8.944384957448919593e+00,2.881810753623977206e+01
8.692448420314196511e+00,2.883555960533412232e+01
8.551726239625072168e+00,2.881640650806592774e+01
8.371962661652187165e+00,2.877203554073195946e+01
8.309214062989459748e+00,2.870069107430803257e+01
8.155162655314851960e+00,2.861375422832908910e+01
7.946913931170840328e+00,2.850514911429734966e+01
7.919345409042876760e+00,2.837237096169946682e+01
7.612484385262744624e+00,2.823152541213278255e+01
7.673408279235995444e+00,2.806240855756946573e+01
7.514728429936564424e+00,2.789523710625390862e+01
7.492857166027993010e+00,2.771445207649457387e+01
7.352036300507141853e+00,2.753182393968085862e+01
7.364051653358315797e+00,2.733971976815555038e+01
7.301848938053328908e+00,2.715072926184279467e+01
7.320134117819758757e+00,2.696041094076787559e+01
7.275325834282766024e+00,2.677569323454091688e+01
7.289851237204849177e+00,2.659285728658421988e+01
7.351224160488704307e+00,2.641712818690752229e+01
7.345742007557423570e+00,2.625273815883007700e+01
7.369883460927133534e+00,2.609547961324151899e+01
7.450705929546602491e+00,2.594821171146046268e+01
7.515513601773352370e+00,2.581579951638403969e+01
7.633592508473021176e+00,2.569763072030574591e+01
7.656944213284428535e+00,2.559831212314628246e+01
7.784866372405163659e+00,2.551101412983219419e+01
7.941654739977927591e+00,2.544425417190870320e+01
8.001242476126869008e+00,2.540076138986798782e+01
8.128924388596001194e+00,2.537303517140398412e+01
8.192275692941530352e+00,2.536672139734104192e+01
8.591135226963952931e+00,2.537653855260868951e+01
8.460328623490804389e+00,2.543084590006193579e+01
8.868162550099849994e+00,2.548444196068178869e+01
8.821400563114979221e+00,2.558349171732304583e+01
8.974340917064335343e+00,2.568772659003416337e+01
9.045229506798435182e+00,2.581394696828991187e+01
9.286274620105253064e+00,2.595380229437270714e+01
9.274109942757821301e+00,2.612185949730704237e+01
9.320763962791465573e+00,2.629333879297881182e+01
9.580225371485530772e+00,2.647212183486786685e+01
9.540492843437773374e+00,2.667682836009806735e+01
9.577104734173513378e+00,2.687719370567774391e+01
9.589020876952949024e+00,2.707865100667759251e+01
9.600651561874782303e+00,2.727699513720933666e+01
9.582502199600163806e+00,2.747043149241997995e+01
9.555424543384502201e+00,2.765442776704258776e+01
9.536823196075676634e+00,2.782663525806231775e+01
9.452814724405415703e+00,2.798654832510321100e+01
9.297589902252854088e+00,2.812687233599658043e+01
9.282155365740456077e+00,2.824028955725448498e+01
9.069905994157771545e+00,2.833953217726201146e+01
9.069524024886925773e+00,2.840628428001618033e+01
9.004115673001095388e+00,2.846020315227593755e+01
8.807881522044114675e+00,2.849545699991795900e+01
8.620783925959276672e+00,2.850104055217513732e+01
8.524763932158469615e+00,2.847895817038065047e+01
8.326321999729387358e+00,2.843826393259151786e+01
8.295544884976093769e+00,2.837150094962242619e+01
8.063816635414287504e+00,2.829404337682750281e+01
8.087744766017770814e+00,2.819059101272004142e+01
7.961834337672264006e+00,2.808338139520356336e+01
7.776145185528832826e+00,2.796142211571367397e+01
7.783576319979016667e+00,2.782145152681109579e+01
7.636473002162088797e+00,2.767996294088668208e+01
7.644719650008838130e+00,2.752606838131881872e+01
7.620575095903313390e+00,2.737292793313459427e+01
7.522976777438572071e+00,2.721900635660830048e+01
7.542727351830690985e+00,2.705971905650901022e+01
7.499037861331419030e+00,2.690491793539594312e+01
7.518905458046543089e+00,2.675064437984692134e+01
7.518339649304802919e+00,2.660250447138518837e+01
7.558702611597105658e+00,2.645968291023294938e+01
7.576157883976535778e+00,2.632595732816058032e+01
7.643665562368530786e+00,2.620020703659283612e+01
7.667306236208520254e+00,2.608682554238408358e+01
7.723171964581571736e+00,2.598295445616792065e+01
7.793674636088593566e+00,2.589153334021661834e+01
7.950549776925615042e+00,2.581411237665287928e+01
7.954471280501527630e+00,2.575790758250784407e+01
8.152432207741455272e+00,2.571101201084631072e+01
8.143937720728333218e+00,2.568927596625646359e+01
8.371058227243432626e+00,2.567599219360305085e+01
8.362635744358286161e+00,2.569064655236722672e+01
8.585416426693180725e+00,2.571348806616939342e+01
8.579727681649883309e+00,2.576389349023158459e+01
8.806644118319454151e+00,2.582195240760636068e+01
8.780442437761784902e+00,2.590741825306218260e+01
8.902698342469262727e+00,2.599742517802499364e+01
8.949081438456198967e+00,2.610434472815945739e+01
9.086960651274628376e+00,2.622049245396850736e+01
9.124215237871315054e+00,2.635322526439174595e+01
9.343863100325830118e+00,2.649222894720962174e+01
9.311974538140640689e+00,2.665320972240179742e+01
9.334030561396239989e+00,2.681140986483750766e+01
9.366859357094577732e+00,2.697044426053711774e+01
9.374934286984149878e+00,2.712993171383296342e+01
9.380079197092296539e+00,2.728616865956245263e+01
9.363241035423524039e+00,2.743757001433727893e+01
9.325083545529292195e+00,2.758084936235551865e+01
9.303174493606501727e+00,2.771293746331705421e+01
9.218681413447132655e+00,2.783444415166713171e+01
9.146169555879485102e+00,2.793882802677451238e+01
9.105537261313653374e+00,2.802676303892893728e+01
8.927932237011969363e+00,2.810086771842346565e+01
8.930344929830866363e+00,2.814869790062457255e+01
8.824596316898924542e+00,2.818668873841124167e+01
8.773950670712327593e+00,2.820536116947554106e+01
8.694776470355552789e+00,2.821000873714584856e+01
8.416807616492697264e+00,2.819863519879677582e+01
8.417840549795894134e+00,2.815516601976991851e+01
8.310435934637098399e+00,2.810444901272244778e+01
8.167313428220049687e+00,2.803815294634085831e+01
8.108318571044907941e+00,2.795443429388861745e+01
8.075000220714057875e+00,2.786130644638197396e+01
7.961703652537221565e+00,2.776178241498880439e+01
7.863925448846567967e+00,2.765043011429675346e+01
7.839262235374436116e+00,2.752960031709241662e+01
7.812832453151544065e+00,2.740606749123776709e+01
7.778566150412311586e+00,2.728056521769044096e+01
7.746006840645133451e+00,2.715333665073874059e+01
7.666598459049928316e+00,2.702534485158303212e+01
7.696764546729696121e+00,2.689378195690984441e+01
7.674906757836208904e+00,2.676788223795792732e+01
7.710558597981108875e+00,2.664429875294511163e+01
7.707544201276173013e+00,2.652811422612219161e+01
7.723143137486357723e+00,2.641691095157168334e+01
7.776335574085215363e+00,2.631266682740395169e+01
7.842182610756028183e+00,2.621880075316060754e+01
7.857255295806818474e+00,2.613674502772576602e+01
8.016149210355287380e+00,2.606285552660797222e+01
8.006578493855963430e+00,2.600891681155524537e+01
8.114579934979447629e+00,2.596168019028988994e+01
8.195609263959632074e+00,2.593080766544239069e+01
8.239183085424357955e+00,2.591423858529031676e+01
8.284405999142665067e+00,2.590888652649725543e+01
8.489972762622178593e+00,2.591478257324765622e+01
8.513953178422912771e+00,2.594537962719998347e+01
8.599013128605990985e+00,2.598503406205008659e+01
8.688301872549548222e+00,2.603859318465596928e+01
8.860772949445932412e+00,2.610598673047324780e+01
8.850633800477238466e+00,2.619403643978829876e+01
8.979513323472387398e+00,2.628585993116305985e+01
9.026037652102855802e+00,2.639307776122658922e+01
9.109901635955930388e+00,2.650739234027998137e+01
9.130463637692452394e+00,2.663121541712785145e+01
9.203040924068160322e+00,2.675769993152895410e+01
9.200113813806991558e+00,2.689052999728976445e+01
9.232055067155815919e+00,2.702160480804121079e+01
9.228448376977651080e+00,2.715304030650131040e+01
9.228123784118348993e+00,2.728045552797351903e+01
9.220393372307610136e+00,2.740313987983359212e+01
9.202994582804466361e+00,2.751946694570975183e+01
9.091629142757783555e+00,2.762770193794494133e+01
9.111322515696805624e+00,2.771855984317868149e+01
9.007169393917662248e+00,2.780357660515633711e+01
8.993569260999104031e+00,2.787106480447931389e+01
8.903518866312243318e+00,2.792904483000299365e+01
8.826944758830896021e+00,2.797055495548737625e+01
8.744538916469984713e+00,2.799695631486678238e+01
8.659451435629682337e+00,2.800801849241571517e+01
8.486485632246163036e+00,2.800393192016756672e+01
8.489680068342657648e+00,2.797777632809918913e+01
8.401081396632941178e+00,2.794535145698176137e+01
8.360225798048910306e+00,2.789943827709914714e+01
8.176764635195175046e+00,2.784477231898018346e+01
8.167125991414170727e+00,2.777038008698750460e+01
8.132826576298104015e+00,2.769154641848109932e+01
7.984857964735659230e+00,2.760697082490138854e+01
7.986123987079169595e+00,2.750833523694388916e+01
7.907268226850396431e+00,2.740856019694060919e+01
7.890830291506908623e+00,2.730201589334500056e+01
